// Leap WebSocket JSON Viewer
// Pause Pause on gesture
// WebSocket connection open!
// JSON Frame data:
{
    "currentFrameRate": 115.136,
    "devices": [],
    "gestures": [],
    "hands": [
        {
            "armBasis": [
                [
                    -0.691614,
                    0.40451,
                    -0.598365
                ],
                [
                    -0.256919,
                    0.636487,
                    0.727239
                ],
                [
                    -0.675028,
                    -0.6567,
                    0.336278
                ]
            ],
            "armWidth": 58.1108,
            "confidence": 0.872329,
            "direction": [
                0.189793,
                0.366433,
                -0.910882
            ],
            "elbow": [
                -195.826,
                -55.9647,
                166.902
            ],
            "grabStrength": 0,
            "id": 1414,
            "palmNormal": [
                0.189218,
                -0.924004,
                -0.332285
            ],
            "palmPosition": [
                -12.8228,
                120.901,
                39.6342
            ],
            "palmVelocity": [
                -0.144538,
                9.01104,
                5.34287
            ],
            "palmWidth": 82.9802,
            "pinchStrength": 0,
            "r": [
                [
                    0.965413,
                    -0.19267,
                    -0.175658
                ],
                [
                    0.222174,
                    0.960506,
                    0.167535
                ],
                [
                    0.136442,
                    -0.200767,
                    0.970091
                ]
            ],
            "s": 1.0014,
            "sphereCenter": [
                44.0437,
                11.8942,
                1.48396
            ],
            "sphereRadius": 129.233,
            "stabilizedPalmPosition": [
                -6.82334,
                113.842,
                31.7607
            ],
            "t": [
                28.4479,
                -14.9752,
                64.1433
            ],
            "timeVisible": 1.8125,
            "type": "left",
            "wrist": [
                -29.6123,
                105.736,
                84.0998
            ]
        }
    ],
    "id": 9372728,
    "interactionBox": {
        "center": [
            0,
            200,
            0
        ],
        "size": [
            235.247,
            235.247,
            147.751
        ]
    },
    "pointables": [
        {
            "bases": [
                [
                    [
                        -0.519884,
                        0.853979,
                        0.0209938
                    ],
                    [
                        0.616663,
                        0.358177,
                        0.701025
                    ],
                    [
                        -0.591141,
                        -0.377397,
                        0.712828
                    ]
                ],
                [
                    [
                        -0.475061,
                        0.879392,
                        -0.0314187
                    ],
                    [
                        0.534753,
                        0.316869,
                        0.783348
                    ],
                    [
                        -0.698825,
                        -0.355337,
                        0.620789
                    ]
                ],
                [
                    [
                        -0.475061,
                        0.879392,
                        -0.0314187
                    ],
                    [
                        0.528203,
                        0.313537,
                        0.789111
                    ],
                    [
                        -0.703789,
                        -0.358281,
                        0.613446
                    ]
                ],
                [
                    [
                        -0.475061,
                        0.879392,
                        -0.0314187
                    ],
                    [
                        0.139021,
                        0.110262,
                        0.984132
                    ],
                    [
                        -0.868902,
                        -0.463155,
                        0.174635
                    ]
                ]
            ],
            "btipPosition": [
                68.9484,
                135.535,
                38.9693
            ],
            "carpPosition": [
                -3.29348,
                98.3329,
                90.0316
            ],
            "dipPosition": [
                50.4031,
                125.649,
                42.6966
            ],
            "direction": [
                0.703789,
                0.358281,
                -0.613446
            ],
            "extended": true,
            "handId": 1414,
            "id": 14140,
            "length": 47.5286,
            "mcpPosition": [
                -3.29348,
                98.3329,
                90.0316
            ],
            "pipPosition": [
                28.5194,
                114.509,
                61.7712
            ],
            "stabilizedTipPosition": [
                70.9473,
                133.207,
                39.2413
            ],
            "timeVisible": 1.8125,
            "tipPosition": [
                71.9551,
                134.555,
                39.9722
            ],
            "tipVelocity": [
                2.62619,
                -5.89502,
                1.1477
            ],
            "tool": false,
            "touchDistance": 0.317249,
            "touchZone": "hovering",
            "type": 0,
            "width": 18.4674
        },
        {
            "bases": [
                [
                    [
                        -0.917875,
                        -0.0462132,
                        -0.39417
                    ],
                    [
                        -0.135374,
                        0.970088,
                        0.201502
                    ],
                    [
                        -0.373068,
                        -0.238314,
                        0.896676
                    ]
                ],
                [
                    [
                        -0.97831,
                        -0.0986914,
                        -0.182126
                    ],
                    [
                        -0.0662261,
                        0.982082,
                        -0.176435
                    ],
                    [
                        -0.196276,
                        0.160546,
                        0.967316
                    ]
                ],
                [
                    [
                        -0.97831,
                        -0.0986914,
                        -0.182126
                    ],
                    [
                        -0.0552234,
                        0.97165,
                        -0.229884
                    ],
                    [
                        -0.199651,
                        0.21484,
                        0.956025
                    ]
                ],
                [
                    [
                        -0.97831,
                        -0.0986914,
                        -0.182126
                    ],
                    [
                        -0.0474141,
                        0.962556,
                        -0.266904
                    ],
                    [
                        -0.201648,
                        0.25248,
                        0.946357
                    ]
                ]
            ],
            "btipPosition": [
                28.3615,
                118.611,
                -48.6116
            ],
            "carpPosition": [
                -11.9018,
                117.582,
                85.2682
            ],
            "dipPosition": [
                25.2195,
                122.545,
                -33.8659
            ],
            "direction": [
                0.199651,
                -0.21484,
                -0.956025
            ],
            "extended": true,
            "handId": 1414,
            "id": 14141,
            "length": 53.6307,
            "mcpPosition": [
                13.1285,
                133.571,
                25.1073
            ],
            "pipPosition": [
                20.8187,
                127.281,
                -12.7926
            ],
            "stabilizedTipPosition": [
                36.6501,
                114.81,
                -54.4962
            ],
            "timeVisible": 1.8125,
            "tipPosition": [
                31.5488,
                119.271,
                -53.1029
            ],
            "tipVelocity": [
                -4.48303,
                3.83322,
                0.789961
            ],
            "tool": false,
            "touchDistance": 0.343442,
            "touchZone": "hovering",
            "type": 1,
            "width": 17.6401
        },
        {
            "bases": [
                [
                    [
                        -0.923222,
                        -0.24268,
                        -0.297939
                    ],
                    [
                        -0.296761,
                        0.942842,
                        0.151599
                    ],
                    [
                        -0.244119,
                        -0.228376,
                        0.94247
                    ]
                ],
                [
                    [
                        -0.95473,
                        -0.289509,
                        -0.0683745
                    ],
                    [
                        -0.26752,
                        0.936125,
                        -0.228262
                    ],
                    [
                        -0.130091,
                        0.199637,
                        0.971196
                    ]
                ],
                [
                    [
                        -0.95473,
                        -0.289509,
                        -0.0683745
                    ],
                    [
                        -0.260332,
                        0.924372,
                        -0.278863
                    ],
                    [
                        -0.143937,
                        0.248439,
                        0.957894
                    ]
                ],
                [
                    [
                        -0.95473,
                        -0.289509,
                        -0.0683745
                    ],
                    [
                        -0.254859,
                        0.914604,
                        -0.31392
                    ],
                    [
                        -0.153418,
                        0.282283,
                        0.946984
                    ]
                ]
            ],
            "btipPosition": [
                5.50501,
                113.177,
                -63.0068
            ],
            "carpPosition": [
                -22.1078,
                118.702,
                80.7207
            ],
            "dipPosition": [
                2.87577,
                118.015,
                -46.7777
            ],
            "direction": [
                0.143937,
                -0.248439,
                -0.957894
            ],
            "extended": true,
            "handId": 1414,
            "id": 14142,
            "length": 61.1079,
            "mcpPosition": [
                -6.57542,
                133.233,
                20.7547
            ],
            "pipPosition": [
                -0.856967,
                124.458,
                -21.9364
            ],
            "stabilizedTipPosition": [
                11.4169,
                108.538,
                -70.2622
            ],
            "timeVisible": 1.8125,
            "tipPosition": [
                6.66892,
                113.497,
                -68.4642
            ],
            "tipVelocity": [
                -4.95059,
                10.1624,
                -1.29555
            ],
            "tool": false,
            "touchDistance": 0.34378,
            "touchZone": "hovering",
            "type": 2,
            "width": 17.3249
        },
        {
            "bases": [
                [
                    [
                        -0.924068,
                        -0.344023,
                        -0.166574
                    ],
                    [
                        -0.369593,
                        0.915333,
                        0.159892
                    ],
                    [
                        -0.0974643,
                        -0.209316,
                        0.972979
                    ]
                ],
                [
                    [
                        -0.929153,
                        -0.365677,
                        -0.0543649
                    ],
                    [
                        -0.351325,
                        0.919162,
                        -0.178079
                    ],
                    [
                        -0.11509,
                        0.146363,
                        0.982513
                    ]
                ],
                [
                    [
                        -0.929153,
                        -0.365677,
                        -0.0543649
                    ],
                    [
                        -0.34252,
                        0.906831,
                        -0.245638
                    ],
                    [
                        -0.139124,
                        0.209614,
                        0.967836
                    ]
                ],
                [
                    [
                        -0.929153,
                        -0.365677,
                        -0.0543649
                    ],
                    [
                        -0.335236,
                        0.895381,
                        -0.293104
                    ],
                    [
                        -0.155859,
                        0.254114,
                        0.954534
                    ]
                ]
            ],
            "btipPosition": [
                -16.0338,
                113.31,
                -59.5131
            ],
            "carpPosition": [
                -32.4615,
                116.942,
                76.8184
            ],
            "dipPosition": [
                -18.6896,
                117.64,
                -43.2486
            ],
            "direction": [
                0.139124,
                -0.209614,
                -0.967836
            ],
            "extended": true,
            "handId": 1414,
            "id": 14143,
            "length": 58.7569,
            "mcpPosition": [
                -26.8938,
                128.899,
                21.2362
            ],
            "pipPosition": [
                -22.2043,
                122.935,
                -18.7978
            ],
            "stabilizedTipPosition": [
                -13.1546,
                109.732,
                -66.865
            ],
            "timeVisible": 1.8125,
            "tipPosition": [
                -16.8843,
                113.581,
                -64.6555
            ],
            "tipVelocity": [
                -5.99179,
                6.52549,
                -0.234982
            ],
            "tool": false,
            "touchDistance": 0.344136,
            "touchZone": "hovering",
            "type": 3,
            "width": 16.4857
        },
        {
            "bases": [
                [
                    [
                        -0.855282,
                        -0.512415,
                        -0.0769563
                    ],
                    [
                        -0.515969,
                        0.82857,
                        0.217365
                    ],
                    [
                        0.0476175,
                        -0.225616,
                        0.973052
                    ]
                ],
                [
                    [
                        -0.798292,
                        -0.55713,
                        0.228771
                    ],
                    [
                        -0.585335,
                        0.807138,
                        -0.0768788
                    ],
                    [
                        0.141819,
                        0.19528,
                        0.97044
                    ]
                ],
                [
                    [
                        -0.798292,
                        -0.55713,
                        0.228771
                    ],
                    [
                        -0.591811,
                        0.79612,
                        -0.126306
                    ],
                    [
                        0.111761,
                        0.236218,
                        0.965251
                    ]
                ],
                [
                    [
                        -0.798292,
                        -0.55713,
                        0.228771
                    ],
                    [
                        -0.595528,
                        0.786871,
                        -0.161802
                    ],
                    [
                        0.0898688,
                        0.265405,
                        0.959939
                    ]
                ]
            ],
            "btipPosition": [
                -52.5151,
                105.926,
                -41.2112
            ],
            "carpPosition": [
                -42.0177,
                108.677,
                73.8449
            ],
            "dipPosition": [
                -51.1024,
                110.098,
                -26.1214
            ],
            "direction": [
                -0.111761,
                -0.236218,
                -0.965252
            ],
            "extended": true,
            "handId": 1414,
            "id": 14144,
            "length": 46.0643,
            "mcpPosition": [
                -44.5358,
                120.608,
                22.3891
            ],
            "pipPosition": [
                -49.109,
                114.311,
                -8.90421
            ],
            "stabilizedTipPosition": [
                -51.5507,
                100.153,
                -45.7239
            ],
            "timeVisible": 1.8125,
            "tipPosition": [
                -55.7612,
                105.495,
                -44.9643
            ],
            "tipVelocity": [
                -8.06516,
                10.9966,
                1.59919
            ],
            "tool": false,
            "touchDistance": 0.344345,
            "touchZone": "hovering",
            "type": 4,
            "width": 14.6439
        }
    ],
    "r": [
        [
            0.965413,
            -0.19267,
            -0.175658
        ],
        [
            0.222174,
            0.960506,
            0.167535
        ],
        [
            0.136442,
            -0.200767,
            0.970091
        ]
    ],
    "s": 1.0014,
    "t": [
        28.4479,
        -14.9752,
        64.1433
    ],
    "timestamp": 784648693202
}